1 18115 327 2878 11  3240  S: d4-d3;d3-c2;c2-b1R;f8-b4; 
2 6121 84 757 2  845  S: c6-e5;d8-d6;d6-e6;e5-d3; 
3 92592 739 7406 15  8151  S: d8-d5;d5-f3;c8-g4;f3-d1; 
4 239499 1919 14401 15  16324  S: f8-c5;g8-f6;f6-e4;c5-f2; 
5 100273 473 4006 5  4481  S: c8-g4;b8-a6;a6-b4;b4-c2; 
6 5929 66 461 0  529  S: c6-e5;e7-f6;d8-e7;e5-f3; 
7 139190 754 6795 7  7551  S: g8-h6;d8-f6;h6-g4;f6-f2; 
8 68686 328 2651 3  2983  S: f6-e4;e7-e6;d8-h4;h4-f2; 
9 430349 2003 17794 23  19800  
10 4624 49 442 0  494  S: f6-f5;f8-c5;d8-h4;h4-f2; 
11 6032 56 628 0  686  S: c6-e5;d8-d6;d6-e6;e5-f3; 
12 37349 235 2649 3  2887  S: d8-d5;c8-h3;d5-g2;g2-f1; 
13 40674 183 1744 2  1929  S: b8-c6;c6-b4;c8-g4;b4-c2; 
14 3422 32 348 0  384  S: c6-e5;d8-d6;d6-e6;e5-f3; 
15 108915 728 7856 6  8588  S: d7-e5;d8-d5;d5-e6;e5-f3; 
16 162777 1027 11481 9  12511  S: d8-d5;c6-b4;d5-a5;b4-d3; 
17 98488 604 5254 5  5860  S: c6-b4;c7-c5;d8-a5;b4-d3; 
18 259030 1342 13352 14  14698  S: f8-b4;d8-f6;f6-b2;b2-c1; 
19 225719 2908 16895 13  19806  
20 354364 2382 17415 19  19801  
21 16790 100 657 0  759  S: b1-d2;a1-c1;g2-g3;f1-h3;c1-c8; 
22 223540 2623 17175 13  19801  
23 368971 2456 17341 20  19801  
24 324701 1983 11508 17  13497  S: c1-d2;b1-c3;a1-d1;f1-b5;d2-g5; 
25 106751 982 6268 6  7259  S: e1-d1;h1-e1;e1-e6;e6-c6;c6-c8; 
26 231686 2982 16815 14  19800  
27 253564 3202 16599 15  19804  
28 219402 2536 17261 13  19800  
29 253112 2706 17094 15  19802  
30 285884 2475 17326 17  19805  
31 301194 2556 17244 18  19803  
32 447748 2858 16938 24  19800  
33 504436 2713 14039 26  16763  S: c1-g5;c4-d5;d5-d6;d6-e7;e7-d8Q; 
34 241125 2943 16856 14  19801  
35 338111 2247 17550 19  19801  
36 386649 2486 17311 21  19801  
37 118247 2889 16919 14  19810  
38 176890 3953 15844 25  19801  
39 211654 2955 16841 24  19800  
40 269625 3301 16496 19  19801  
41 158210 3567 16232 13  19802  
42 246449 3134 16664 16  19801  
43 171299 3206 16592 12  19800  
44 345064 3309 16489 22  19802  
45 128930 2435 17366 9  19803  
46 322981 3482 16315 19  19801  
47 143765 3644 16156 10  19802  
48 190321 3465 16335 12  19803  
49 280823 4835 14961 17  19800  
50 215434 6453 13345 14  19801  
51 373799 3835 15964 21  19804  
52 432549 4372 15424 25  19801  
53 172092 3995 15803 11  19801  
54 318791 6713 13084 20  19802  
55 175106 4801 14998 11  19802  
56 230692 6420 13377 15  19800  
57 211400 5411 14387 13  19802  
58 438285 5221 14578 24  19804  
59 325906 4151 15646 19  19801  
60 290320 9581 10213 21  19801  